16, 16, 1.526681 
16, 32, 1.739721 
16, 64, 1.841920 
16, 128, 1.757408 
16, 256, 1.571505 
16, 512, 2.104176 
16, 1024, 4.930861 
36, 16, 3.834181 
36, 256, 1.689105 
36, 512, 1.974199 
36, 1024, 5.725337 
49, 16, 1.627269 
49, 128, 2.053734 
49, 256, 1.501029 
49, 512, 1.780483 
49, 1024, 4.993633 
64, 16, 1.342176 
64, 128, 2.173768 
64, 256, 1.781455 
64, 512, 3.756754 
64, 1024, 4.504231 
16, 16, 1.395726 
16, 32, 1.755354 
16, 64, 1.465825 
16, 128, 1.509425 
16, 256, 1.800431 
16, 512, 2.345757 
16, 1024, 4.420516 
36, 16, 1.390079 
36, 64, 1.372775 
36, 256, 1.424910 
36, 512, 1.764940 
36, 1024, 7.626265 
49, 16, 2.248748 
49, 128, 1.021716 
49, 256, 1.416878 
49, 512, 1.801795 
49, 1024, 5.827207 
64, 16, 2.340475 
64, 128, 1.169573 
64, 256, 1.515316 
64, 512, 1.607882 
64, 1024, 11.420324 
16, 16, 1.691716 
16, 32, 1.503577 
16, 64, 1.851873 
16, 128, 1.757906 
16, 256, 1.484630 
16, 512, 1.812148 
16, 1024, 4.285284 
36, 16, 1.340201 
36, 256, 1.585741 
36, 512, 1.937479 
36, 1024, 4.250510 
49, 16, 1.364439 
49, 128, 1.462538 
49, 256, 1.244307 
49, 512, 2.140801 
49, 1024, 3.840469 
64, 16, 1.194371 
64, 128, 1.323112 
64, 256, 1.616891 
64, 512, 9.408279 
64, 1024, 4.005900 
16, 16, 1.442174 
16, 32, 1.608325 
16, 64, 1.593879 
16, 128, 1.483413 
16, 256, 1.670331 
16, 512, 2.573804 
16, 1024, 4.724560 
36, 16, 1.321800 
36, 256, 1.610284 
36, 512, 3.325833 
36, 1024, 4.659573 
49, 16, 1.296788 
49, 128, 1.666096 
49, 256, 1.287996 
49, 512, 3.220414 
49, 1024, 4.129416 
64, 16, 1.330633 
64, 128, 1.101754 
64, 256, 1.295473 
64, 512, 1.550053 
64, 1024, 3.627243 
16, 16, 1.538246 
16, 32, 1.419632 
16, 64, 1.514119 
16, 128, 1.258660 
16, 256, 1.474854 
16, 512, 1.556263 
16, 1024, 4.989750 
36, 16, 1.466820 
36, 64, 1.182849 
36, 256, 1.328007 
36, 512, 1.900209 
36, 1024, 4.601966 
49, 16, 1.163139 
49, 128, 1.366181 
49, 256, 1.193905 
49, 512, 1.873569 
49, 1024, 4.516312 
64, 16, 1.247607 
64, 128, 1.278110 
64, 256, 1.348812 
64, 512, 1.735944 
64, 1024, 4.795288 
16, 16, 1.313752 
16, 16, 2.206092 
16, 32, 1.610519 
16, 64, 1.622087 
16, 128, 1.370025 
16, 256, 1.634645 
16, 512, 1.945741 
16, 1024, 4.407992 
36, 16, 1.343191 
36, 64, 0.960385 
36, 256, 1.025779 
36, 512, 1.823141 
36, 1024, 5.111110 
49, 16, 1.680704 
49, 128, 1.050794 
49, 256, 0.950471 
49, 512, 1.131244 
49, 1024, 3.914618 
64, 16, 1.498824 
64, 128, 1.540237 
64, 256, 0.871462 
64, 512, 1.666744 
64, 1024, 3.649752 
16, 16, 1.497740 
16, 32, 1.278285 
16, 64, 1.429369 
16, 128, 1.129513 
16, 256, 1.564953 
16, 512, 2.429723 
16, 1024, 5.313578 
36, 16, 1.369223 
36, 64, 1.369985 
36, 256, 1.101805 
36, 512, 1.564148 
36, 1024, 5.395221 
49, 16, 1.122832 
49, 128, 1.498776 
49, 256, 1.028241 
49, 512, 1.302270 
49, 1024, 4.297641 
64, 16, 0.654966 
64, 128, 1.546949 
64, 256, 0.905977 
64, 512, 2.115283 
64, 1024, 4.776390 
16, 16, 1.345900 
16, 32, 1.183111 
16, 64, 1.371163 
16, 128, 1.480319 
16, 256, 1.129987 
16, 512, 1.597319 
16, 1024, 5.209232 
36, 16, 1.359078 
36, 64, 1.584107 
36, 256, 1.343918 
36, 512, 1.526689 
36, 1024, 4.126493 
49, 16, 1.098065 
49, 128, 1.109126 
49, 256, 1.231714 
49, 512, 1.949045 
49, 1024, 4.854208 
64, 16, 1.328069 
64, 128, 1.074379 
64, 256, 0.653826 
64, 512, 1.308923 
64, 1024, 3.629452 
16, 16, 1.839617 
16, 32, 1.520812 
16, 64, 1.329823 
16, 128, 1.645814 
16, 256, 1.474965 
16, 512, 2.602866 
16, 1024, 5.057234 
36, 16, 1.632579 
36, 64, 1.583871 
36, 256, 2.360019 
36, 512, 2.179354 
36, 1024, 3.932347 
49, 16, 0.627254 
49, 128, 1.554812 
49, 256, 0.882500 
49, 512, 1.803628 
49, 1024, 3.650162 
64, 16, 0.821632 
64, 128, 1.828178 
64, 256, 0.997162 
64, 512, 1.821747 
64, 1024, 2.806332 
16, 16, 1.273811 
16, 32, 1.157978 
16, 64, 1.401090 
16, 128, 1.757703 
16, 256, 1.253065 
16, 512, 2.133328 
16, 1024, 3.600613 
36, 16, 1.370937 
36, 64, 1.306837 
36, 256, 1.549994 
36, 512, 2.349745 
36, 1024, 5.060120 
49, 16, 1.321007 
49, 128, 1.207216 
49, 256, 1.734384 
49, 512, 1.925172 
49, 1024, 5.395972 
64, 16, 1.258245 
64, 128, 1.365023 
64, 256, 1.264556 
64, 512, 2.970463 
64, 1024, 4.406889 
16, 16, 3.199978 
16, 32, 1.743252 
16, 64, 1.553872 
16, 128, 1.725815 
16, 256, 1.183813 
16, 512, 1.481270 
16, 1024, 4.382094 
36, 16, 2.555990 
36, 64, 1.532498 
36, 256, 1.375719 
36, 512, 2.698318 
36, 1024, 3.764537 
49, 16, 0.926805 
49, 128, 1.063220 
49, 256, 0.598126 
49, 512, 1.269799 
49, 1024, 6.021523 
64, 16, 1.717964 
64, 128, 0.791106 
64, 256, 0.785357 
64, 512, 1.265920 
64, 1024, 3.238958 
16, 16, 1.066091 
16, 32, 1.209819 
16, 64, 1.490264 
16, 128, 1.151743 
16, 256, 1.308480 
16, 512, 1.816890 
16, 1024, 4.161427 
36, 16, 1.054987 
36, 64, 1.003090 
36, 256, 0.859757 
36, 512, 1.330668 
36, 1024, 5.085753 
49, 16, 0.931151 
49, 128, 1.031218 
49, 256, 1.030617 
49, 512, 1.374809 
49, 1024, 3.857427 
64, 16, 1.162204 
64, 128, 1.150869 
64, 256, 0.559440 
64, 512, 1.258565 
64, 1024, 4.589583 
16, 16, 1.638809 
16, 32, 1.469364 
16, 64, 1.299767 
16, 128, 1.240136 
16, 256, 1.336631 
16, 512, 1.267429 
16, 1024, 4.018919 
36, 16, 1.182909 
36, 64, 1.673066 
36, 256, 1.773988 
36, 512, 4.305626 
36, 1024, 4.402089 
49, 16, 1.171337 
49, 128, 0.799639 
49, 256, 0.842268 
49, 512, 1.446134 
64, 1024, 4.474550 
64, 512, 1.395824 
64, 128, 0.874072 
64, 16, 0.874984 
49, 1024, 4.222323 
49, 512, 1.363726 
49, 128, 0.892786 
49, 16, 1.007316 
36, 1024, 3.987958 
36, 512, 1.505858 
36, 64, 1.066297 
36, 16, 1.128392 
16, 1024, 4.340996 
16, 512, 2.211729 
16, 128, 1.117481 
16, 64, 1.101943 
16, 32, 1.406084 
16, 16, 1.132102 
64, 1024, 3.905569 
64, 512, 1.441488 
64, 128, 0.802685 
64, 1024, 5.319404 
64, 512, 2.334068 
64, 128, 2.094116 
64, 16, 0.972117 
49, 1024, 3.077384 
49, 512, 1.461381 
49, 128, 0.941888 
49, 16, 0.883140 
36, 1024, 3.352997 
36, 512, 1.539093 
36, 64, 1.146886 
36, 16, 1.311767 
16, 1024, 4.224376 
16, 512, 1.969562 
16, 128, 1.297081 
16, 64, 1.153703 
16, 32, 1.490629 
16, 16, 1.151677 
64, 1024, 3.796472 
64, 512, 1.513942 
64, 128, 0.957674 
64, 16, 0.730046 
49, 1024, 3.346757 
49, 512, 1.335741 
49, 128, 1.250133 
49, 16, 3.429673 
36, 1024, 4.095676 
36, 512, 1.722672 
36, 64, 1.070755 
36, 16, 1.324194 
16, 1024, 4.053092 
16, 512, 1.761522 
16, 128, 1.433641 
16, 64, 1.198102 
16, 32, 1.369719 
16, 16, 1.133780 
64, 1024, 3.930806 
64, 512, 1.376934 
64, 128, 1.076146 
64, 16, 0.930607 
49, 1024, 4.002497 
49, 512, 1.383222 
49, 128, 0.842623 
49, 16, 0.797602 
36, 1024, 4.261001 
36, 512, 1.739724 
36, 64, 1.143000 
36, 16, 1.076965 
16, 1024, 4.980966 
16, 512, 2.853448 
16, 128, 1.813549 
16, 64, 1.839748 
16, 32, 1.585066 
16, 16, 1.661911 
64, 1024, 3.231490 
64, 512, 1.556321 
64, 128, 0.878854 
64, 16, 0.678588 
49, 1024, 4.078399 
49, 512, 1.413833 
49, 128, 0.736576 
49, 16, 1.037096 
36, 1024, 4.063496 
36, 512, 1.390871 
36, 64, 0.992699 
36, 16, 1.119939 
16, 1024, 5.042813 
16, 512, 1.563797 
16, 128, 1.321507 
16, 64, 1.337710 
16, 32, 1.281777 
16, 16, 1.354063 
64, 1024, 3.573570 
64, 512, 1.754799 
64, 128, 0.921763 
64, 16, 2.346788 
49, 1024, 5.846619 
49, 512, 2.135782 
49, 128, 1.239250 
49, 16, 1.059601 
36, 1024, 3.878919 
36, 512, 1.335644 
36, 64, 1.222979 
36, 16, 1.176578 
16, 1024, 3.581432 
16, 512, 1.530445 
16, 128, 1.237759 
16, 64, 1.131070 
16, 32, 1.461754 
16, 16, 0.980337 
64, 1024, 3.219741 
64, 512, 1.431617 
64, 128, 0.750091 
64, 16, 1.033267 
49, 1024, 3.947199 
49, 512, 1.559378 
49, 128, 1.008005 
49, 16, 0.883367 
36, 1024, 3.877551 
36, 512, 1.364681 
36, 64, 1.106440 
36, 16, 1.215097 
16, 1024, 5.131244 
16, 512, 2.725305 
16, 128, 2.276103 
16, 64, 2.585893 
16, 32, 1.770025 
16, 16, 1.581373 
64, 1024, 3.275646 
64, 512, 1.054033 
64, 128, 0.825738 
64, 16, 0.518018 
49, 1024, 3.637537 
49, 512, 1.259124 
49, 128, 1.106173 
49, 16, 0.723999 
36, 1024, 4.742330 
36, 512, 1.557952 
36, 64, 0.903361 
36, 16, 0.930877 
16, 1024, 4.380298 
16, 512, 1.507294 
16, 128, 1.286048 
16, 64, 1.253747 
16, 32, 1.290121 
16, 16, 1.208011 
64, 1024, 4.873278 
64, 512, 4.372453 
64, 128, 1.593072 
64, 16, 0.638106 
49, 1024, 2.923227 
49, 512, 1.199490 
49, 128, 1.145077 
49, 16, 0.767490 
36, 1024, 3.534274 
36, 512, 1.540401 
36, 64, 0.880509 
36, 16, 1.182904 
16, 1024, 4.537704 
16, 512, 1.657526 
16, 128, 1.325871 
16, 64, 1.389582 
16, 32, 1.325717 
16, 16, 1.369909 
64, 1024, 3.914127 
64, 512, 1.293762 
64, 128, 1.054642 
64, 16, 0.794192 
49, 1024, 4.241942 
49, 512, 1.275087 
49, 128, 1.154819 
49, 16, 0.802214 
36, 1024, 5.961903 
36, 512, 2.500970 
36, 64, 1.151610 
36, 16, 1.200950 
16, 1024, 4.969059 
16, 512, 2.287842 
16, 128, 1.597795 
16, 64, 1.803921 
16, 32, 1.888618 
16, 16, 1.905950 
64, 1024, 3.781195 
64, 512, 1.444396 
64, 128, 2.494015 
64, 16, 1.094485 
49, 1024, 5.401736 
49, 512, 1.536066 
49, 128, 0.883178 
49, 16, 0.980757 
36, 1024, 4.016968 
36, 512, 1.426654 
36, 64, 1.179015 
36, 16, 1.048098 
16, 1024, 4.325201 
16, 512, 1.708117 
16, 128, 1.430180 
16, 64, 1.349785 
16, 32, 1.203555 
16, 16, 1.438055 
64, 1024, 2.933830 
64, 512, 1.287993 
64, 128, 1.290040 
64, 16, 0.518296 
49, 1024, 3.612503 
49, 512, 1.093476 
49, 128, 0.534235 
49, 16, 0.971346 
36, 1024, 5.563252 
64, 1024, 5.779886 
64, 512, 2.203171 
64, 128, 1.470731 
36, 512, 2.509807 
36, 64, 2.349111 
64, 16, 1.234310 
36, 16, 1.840371 
49, 1024, 6.743888 
49, 512, 2.153194 
49, 128, 1.634730 
16, 1024, 5.655709 
16, 512, 2.823721 
49, 16, 1.436340 
16, 128, 2.001938 
16, 64, 2.714042 
16, 32, 2.493707 
16, 16, 2.232245 
36, 1024, 3.374360 
36, 512, 1.734341 
36, 64, 0.973607 
36, 16, 1.102657 
16, 1024, 5.997664 
16, 512, 2.636602 
16, 128, 1.660574 
16, 64, 1.837839 
16, 32, 1.787988 
16, 16, 1.399450 
64, 1024, 3.667844 
64, 512, 1.302040 
64, 128, 0.569397 
64, 16, 0.713937 
49, 1024, 4.059314 
49, 512, 1.311643 
49, 128, 1.075312 
49, 16, 1.450325 
36, 1024, 5.407853 
36, 512, 1.568535 
36, 64, 1.238668 
36, 16, 0.835062 
16, 1024, 6.246421 
16, 512, 2.731971 
16, 128, 1.953854 
16, 64, 2.246001 
16, 32, 1.892518 
16, 16, 1.237910 
64, 1024, 4.565750 
64, 512, 1.498206 
64, 128, 1.094103 
64, 16, 0.990174 
49, 1024, 4.278195 
49, 512, 1.343216 
49, 128, 1.122116 
49, 16, 1.635479 
36, 1024, 5.313706 
36, 512, 1.738806 
36, 64, 1.125707 
36, 16, 1.027212 
16, 1024, 4.769639 
16, 512, 1.935143 
16, 128, 1.803749 
16, 64, 1.494143 
16, 32, 2.032918 
16, 16, 2.249989 
64, 1024, 3.587038 
64, 512, 1.393920 
64, 128, 1.484085 
64, 16, 1.690384 
49, 1024, 5.432545 
49, 512, 1.636622 
49, 128, 1.012293 
49, 16, 0.892725 
36, 1024, 4.311013 
36, 512, 1.961106 
36, 64, 1.373471 
36, 16, 1.677134 
16, 1024, 5.006675 
16, 512, 1.805954 
16, 128, 1.249384 
16, 64, 1.203369 
16, 32, 1.225969 
16, 16, 1.224491 
64, 1024, 4.863045 
64, 512, 1.709465 
64, 128, 1.184042 
64, 16, 0.682218 
49, 1024, 3.855389 
49, 512, 1.365145 
49, 128, 0.751976 
49, 16, 1.659767 
36, 1024, 5.164013 
36, 512, 2.454595 
36, 64, 1.321941 
36, 16, 1.333089 
16, 1024, 4.543104 
16, 512, 1.721337 
16, 128, 1.401491 
16, 64, 1.906979 
16, 32, 1.941890 
16, 16, 2.167136 
64, 1024, 3.773244 
64, 512, 1.258132 
64, 128, 0.908521 
64, 16, 1.630551 
49, 1024, 4.727688 
49, 512, 2.031796 
49, 128, 2.196169 
49, 16, 1.207489 
36, 1024, 3.682096 
36, 512, 1.655093 
36, 64, 1.114682 
36, 16, 1.220629 
16, 1024, 4.971125 
16, 512, 2.102419 
16, 128, 1.615416 
16, 64, 2.460166 
16, 32, 1.739868 
16, 16, 2.201138 
64, 1024, 3.864826 
64, 512, 1.585896 
64, 128, 0.771775 
64, 16, 0.970392 
49, 1024, 4.476259 
49, 512, 2.814576 
49, 128, 1.347376 
49, 16, 1.025550 
36, 1024, 3.711576 
36, 512, 1.570671 
36, 64, 1.091258 
36, 16, 1.130812 
16, 1024, 4.591509 
16, 512, 1.877834 
16, 128, 1.225845 
16, 64, 1.419800 
16, 32, 1.295689 
16, 16, 1.380049 
64, 1024, 3.740860 
64, 512, 1.709852 
64, 128, 0.931530 
64, 16, 0.619408 
49, 1024, 3.189341 
49, 512, 1.173895 
49, 128, 1.114065 
49, 16, 0.620800 
36, 1024, 4.954796 
36, 512, 1.558866 
36, 64, 0.983028 
36, 16, 0.580950 
16, 1024, 4.144988 
16, 512, 1.695972 
16, 128, 1.327753 
16, 64, 1.230500 
16, 32, 1.221826 
16, 16, 1.477837 
64, 1024, 3.814989 
64, 512, 1.208354 
64, 128, 1.256080 
64, 16, 1.538409 
49, 1024, 5.695824 
49, 512, 2.735200 
49, 128, 1.670615 
49, 16, 1.151611 
36, 1024, 3.217252 
36, 512, 1.662605 
36, 64, 1.102924 
36, 16, 1.138679 
16, 1024, 5.194453 
16, 512, 2.251425 
16, 128, 1.459203 
16, 64, 1.569829 
16, 32, 1.137713 
16, 16, 1.398107 
64, 1024, 5.204301 
64, 512, 1.991890 
64, 128, 1.015355 
64, 16, 1.291695 
49, 1024, 4.166598 
49, 512, 1.575552 
49, 128, 0.988043 
49, 16, 1.122592 
36, 1024, 3.163941 
36, 512, 1.434060 
36, 64, 1.058656 
36, 16, 1.176059 
16, 1024, 3.144933 
16, 512, 1.434370 
16, 128, 1.225845 
16, 64, 1.213805 
16, 32, 1.041734 
16, 16, 0.877838 
64, 1024, 3.460607 
64, 512, 1.580997 
64, 128, 0.845560 
64, 16, 0.752475 
49, 1024, 3.366018 
49, 512, 1.820160 
49, 128, 0.726977 
49, 16, 0.902312 
36, 1024, 3.093185 
36, 512, 1.466925 
36, 64, 1.367824 
36, 16, 1.109568 
16, 1024, 4.981382 
16, 512, 2.325665 
16, 128, 1.762446 
16, 64, 1.449891 
16, 32, 1.431681 
16, 16, 1.632038 
64, 1024, 5.987885 
64, 512, 1.660065 
64, 128, 0.898318 
64, 16, 0.830925 
49, 1024, 4.467241 
49, 512, 1.713111 
49, 128, 0.959215 
49, 16, 1.047581 
36, 1024, 3.477757 
36, 512, 1.286508 
36, 64, 0.931010 
36, 16, 1.289238 
16, 1024, 3.660453 
16, 512, 1.411777 
16, 128, 1.165571 
16, 64, 1.225997 
16, 32, 1.326405 
16, 16, 1.635500 
64, 1024, 4.044371 
64, 512, 1.329983 
64, 128, 1.057693 
64, 16, 0.665983 
49, 1024, 3.590384 
49, 512, 1.353543 
49, 128, 0.565082 
49, 16, 0.906180 
36, 1024, 4.816367 
36, 512, 2.308783 
36, 64, 1.530372 
36, 16, 1.717268 
16, 1024, 5.025239 
16, 512, 1.641577 
16, 128, 1.306655 
16, 64, 1.197778 
16, 32, 1.341822 
16, 16, 1.074493 
64, 1024, 5.664812 
64, 512, 2.051294 
64, 128, 1.350206 
64, 16, 1.480737 
49, 1024, 3.680968 
49, 512, 1.480251 
49, 128, 1.043042 
49, 16, 0.947211 
36, 1024, 3.605712 
36, 512, 1.310865 
36, 64, 0.744198 
36, 16, 1.287403 
16, 1024, 4.400225 
16, 512, 1.692603 
16, 128, 1.378585 
16, 64, 1.209773 
16, 32, 1.144493 
16, 16, 1.030014 
64, 1024, 3.485564 
64, 512, 1.553951 
64, 128, 0.760840 
64, 16, 0.541575 
49, 1024, 3.929467 
49, 512, 1.359439 
49, 128, 1.003923 
49, 16, 1.025965 
36, 1024, 3.601138 
36, 512, 1.795846 
36, 64, 0.904538 
36, 16, 1.195130 
16, 1024, 3.675693 
16, 512, 1.819371 
16, 128, 1.170688 
16, 64, 1.142136 
16, 32, 1.089718 
16, 16, 1.441756 
64, 1024, 4.701150 
64, 512, 1.546312 
64, 128, 1.657691 
64, 16, 1.526366 
49, 1024, 4.521944 
49, 512, 1.575268 
49, 128, 1.094794 
